  134 V= 2  J= 5  5  1      1363.559650      1363.560053
  110 V= 2  J= 5  5  0                       1363.560054
  157 V= 2  J= 6  5  2      1371.993690      1371.993958
  181 V= 2  J= 6  5  1      1371.993690      1371.993962
  240 V= 2  J= 7  5  3      1381.840070      1381.839972
  208 V= 2  J= 7  5  2      1381.840090      1381.839995
  271 V= 2  J= 8  5  4      1393.101330      1393.101069
  303 V= 2  J= 8  5  3      1393.101410      1393.101173
  378 V= 2  J= 9  5  5      1405.781170      1405.780635
  338 V= 2  J= 9  5  4      1405.781420      1405.780995
  417 V= 2  J=10  5  6      1419.883080      1419.882433
  457 V= 2  J=10  5  5      1419.883730      1419.883508
  548 V= 2  J=11  5  7      1435.411780      1435.410559
  500 V= 2  J=11  5  6      1435.412780      1435.413403
  595 V= 2  J=12  5  8      1452.369830      1452.369344
  643 V= 2  J=12  5  7      1452.376670      1452.376186
  750 V= 2  J=13  5  9      1470.763490      1470.763215
  694 V= 2  J=13  5  8      1470.778470      1470.778427
  805 V= 2  J=14  5 10      1490.596540      1490.596482
  861 V= 2  J=14  5  9      1490.627940      1490.628119
  984 V= 2  J=15  5 11      1511.873140      1511.873058
  920 V= 2  J=15  5 10      1511.932890      1511.935164
 1047 V= 2  J=16  5 12      1534.596140      1534.596108
 1111 V= 2  J=16  5 11      1534.711820      1534.711977
 1250 V= 2  J=17  5 13      1558.767580      1558.767640
 1178 V= 2  J=17  5 12      1558.973520      1558.974142
 1321 V= 2  J=18  5 14      1584.388050      1584.388077
 1393 V= 2  J=18  5 13      1584.740130      1584.740981
 1548 V= 2  J=19  5 15      1611.455840      1611.455852
 1468 V= 2  J=19  5 14      1612.034630      1612.035728
 1627 V= 2  J=20  5 16      1639.966820      1639.967072
 1707 V= 2  J=20  5 15      1640.883930      1640.884843
 1878 V= 2  J=21  5 17      1669.914280      1669.915310
 1790 V= 2  J=21  5 16                       1671.315935
 1965 V= 2  J=22  5 18      1701.286510      1701.291534
 2053 V= 2  J=22  5 17                       1703.354033
 2240 V= 2  J=23  5 19                       1734.084209
 2144 V= 2  J=23  5 18                       1737.016671
 2335 V= 2  J=24  5 20      1768.290190      1768.279552
 2431 V= 2  J=24  5 19                       1772.309216
 2634 V= 2  J=25  5 21      1803.866660      1803.861918
 2530 V= 2  J=25  5 20                       1809.222151
 2737 V= 2  J=26  5 22      1840.814190      1840.814285
 2837 V= 2  J=26  5 21                       1847.731203
 3060 V= 2  J=27  5 23      1879.112380      1879.118804
 2944 V= 2  J=27  5 22                       1887.799674
 3171 V= 2  J=28  5 24                       1918.757380
 3279 V= 2  J=28  5 23                       1929.381551
 3518 V= 2  J=29  5 25                       1959.712240
 3394 V= 2  J=29  5 24                       1972.424248
 3637 V= 2  J=30  5 26                       2001.966452
 3753 V= 2  J=30  5 25                       2016.870696
 4008 V= 2  J=31  5 27                       2045.504368
 3876 V= 2  J=31  5 26                       2062.661282
 4135 V= 2  J=32  5 28                       2090.311953
 4259 V= 2  J=32  5 27                       2109.736335
 4530 V= 2  J=33  5 29                       2136.376992
 4390 V= 2  J=33  5 28                       2158.039686
 4665 V= 2  J=34  5 30                       2183.689162
 4803 V= 2  J=34  5 29                       2207.523020
 5084 V= 2  J=35  5 31                       2232.239995
 4942 V= 2  J=35  5 30                       2258.149953
 5227 V= 2  J=36  5 32                       2282.022736
 5373 V= 2  J=36  5 31                       2309.898298
 5670 V= 2  J=37  5 33                       2333.032151
 5520 V= 2  J=37  5 32                       2362.759629
 5821 V= 2  J=38  5 34                       2385.264292
 5975 V= 2  J=38  5 33                       2416.736461
 6288 V= 2  J=39  5 35                       2438.716257
 6130 V= 2  J=39  5 34                       2471.838312
 6447 V= 2  J=40  5 36                       2493.385975
 6609 V= 2  J=40  5 35                       2528.077982
 6938 V= 2  J=41  5 37                       2549.271998
 6772 V= 2  J=41  5 36                       2585.468823
 7107 V= 2  J=42  5 38                       2606.373343
 7275 V= 2  J=42  5 37                       2644.023120
 7622 V= 2  J=43  5 39                       2664.689354
 7446 V= 2  J=43  5 38                       2703.751360
 7797 V= 2  J=44  5 40                       2724.219599
 7973 V= 2  J=44  5 39                       2764.662072
 8336 V= 2  J=45  5 41                       2784.963793
 8152 V= 2  J=45  5 40                       2826.761969
 8519 V= 2  J=46  5 42                       2846.921744
 8703 V= 2  J=46  5 41                       2890.056214
 9082 V= 2  J=47  5 43                       2910.093307
 8890 V= 2  J=47  5 42                       2954.548714
 9273 V= 2  J=48  5 44                       2974.478361
 9465 V= 2  J=48  5 43                       3020.242388
 9860 V= 2  J=49  5 45                       3040.076788
 9660 V= 2  J=49  5 44                       3087.139393
10059 V= 2  J=50  5 46                       3106.888462
10259 V= 2  J=50  5 45                       3155.241312
10670 V= 2  J=51  5 47                       3174.913244
10462 V= 2  J=51  5 46                       3224.549288
10877 V= 2  J=52  5 48                       3244.150974
11085 V= 2  J=52  5 47                       3295.064135
11512 V= 2  J=53  5 49                       3314.601472
11296 V= 2  J=53  5 48                       3366.786421
11727 V= 2  J=54  5 50                       3386.264534
11943 V= 2  J=54  5 49                       3439.716523
12386 V= 2  J=55  5 51                       3459.139936
12162 V= 2  J=55  5 50                       3513.854673
